000029
000670
000792
000995
001201
001202
001203
001205
001206
001207
001208
001209
001210
001211
001212
001213
001215
001216
001217
001218
001219
001220
001221
001222
001223
001225
001226
001227
001228
001229
001230
001231
001233
001234
001236
001237
001238
001239
001248
001255
001256
001257
001258
001259
001260
001266
001267
001268
001269
001270
001277
001278
001279
001280
001282
001283
001285
001286
001287
001288
001289
001296
001298
001299
001300
001301
001306
001308
001309
001311
001312
001313
001314
001316
001317
001318
001319
001322
001323
001324
001325
001326
001328
001330
001331
001332
001333
001335
001336
001337
001338
001339
001356
001358
001359
001360
001365
001366
001367
001368
001369
001373
001376
001378
001379
001380
001382
001386
001387
001388
001389
001390
001391
001393
001395
001396
001399
001400
002254
002819
002984
002991
002992
002993
002995
002996
002997
002998
002999
003000
003001
003002
003003
003004
003005
003006
003007
003008
003009
003010
003011
003012
003013
003015
003016
003017
003018
003019
003020
003021
003022
003023
003025
003026
003027
003028
003029
003030
003031
003032
003033
003035
003036
003037
003038
003039
003040
003041
003042
003043
300561
300614
300774
300784
300804
300814
300834
300840
300844
300847
300848
300849
300850
300851
300852
300853
300854
300855
300856
300857
300858
300859
300860
300861
300862
300863
300864
300865
300866
300867
300868
300869
300870
300871
300872
300873
300875
300876
300877
300878
300879
300880
300881
300882
300883
300884
300885
300886
300887
300888
300889
300890
300891
300892
300893
300894
300895
300896
300897
300898
300899
300900
300901
300902
300903
300904
300905
300906
300907
300908
300909
300910
300911
300912
300913
300915
300916
300917
300918
300919
300920
300921
300922
300923
300925
300926
300927
300928
300929
300930
300931
300932
300933
300935
300936
300937
300938
300939
300940
300941
300942
300943
300945
300946
300947
300948
300949
300950
300951
300952
300953
300955
300956
300957
300958
300959
300960
300961
300962
300963
300964
300965
300966
300967
300968
300969
300970
300971
300972
300973
300975
300976
300977
300978
300979
300980
300981
300982
300983
300984
300985
300986
300987
300988
300989
300990
300991
300992
300993
300994
300995
300996
300997
300998
300999
301000
301001
301002
301003
301004
301005
301006
301007
301008
301009
301010
301011
301012
301013
301015
301016
301017
301018
301019
301020
301021
301022
301023
301024
301025
301026
301027
301028
301029
301030
301031
301032
301033
301035
301036
301037
301038
301039
301040
301041
301042
301043
301045
301046
301047
301048
301049
301050
301051
301052
301053
301055
301056
301057
301058
301059
301060
301061
301062
301063
301065
301066
301067
301068
301069
301070
301071
301072
301073
301075
301076
301077
301078
301079
301080
301081
301082
301083
301085
301086
301087
301088
301089
301090
301091
301092
301093
301095
301096
301097
301098
301099
301100
301101
301102
301103
301105
301106
301107
301108
301109
301110
301111
301112
301113
301115
301116
301117
301118
301119
301120
301121
301122
301123
301125
301126
301127
301128
301129
301130
301131
301132
301133
301135
301136
301137
301138
301139
301141
301148
301149
301150
301151
301152
301153
301155
301156
301157
301158
301159
301160
301161
301162
301163
301165
301166
301167
301168
301169
301170
301171
301172
301173
301175
301176
301177
301178
301179
301180
301181
301182
301183
301185
301186
301187
301188
301189
301190
301191
301192
301193
301195
301196
301197
301198
301199
301200
301201
301202
301203
301205
301206
301207
301208
301209
301210
301211
301212
301213
301215
301216
301217
301218
301219
301220
301221
301222
301223
301225
301226
301227
301228
301229
301230
301231
301232
301233
301234
301235
301236
301237
301238
301239
301246
301248
301251
301252
301255
301256
301257
301258
301259
301260
301261
301262
301263
301265
301266
301267
301268
301269
301270
301272
301273
301275
301276
301277
301278
301279
301280
301281
301282
301283
301285
301286
301287
301288
301289
301290
301291
301292
301293
301295
301296
301297
301298
301299
301300
301301
301302
301303
301305
301306
301307
301308
301309
301310
301311
301312
301313
301314
301315
301316
301317
301318
301319
301320
301321
301322
301323
301325
301326
301327
301328
301329
301330
301331
301332
301333
301335
301336
301337
301338
301339
301345
301348
301349
301353
301355
301356
301357
301358
301359
301360
301361
301362
301363
301365
301366
301367
301368
301369
301370
301371
301372
301373
301376
301377
301378
301379
301380
301381
301382
301383
301386
301387
301388
301389
301390
301391
301392
301393
301395
301396
301397
301398
301399
301408
301413
301418
301419
301421
301428
301429
301439
301446
301448
301449
301456
301458
301459
301468
301469
301479
301486
301487
301488
301489
301491
301498
301499
301500
301501
301502
301503
301505
301507
301508
301509
301510
301511
301512
301513
301515
301516
301517
301518
301519
301520
301522
301525
301526
301528
301529
301531
301533
301535
301536
301538
301539
301548
301550
301551
301552
301555
301556
301557
301558
301559
301560
301563
301565
301566
301567
301568
301571
301575
301577
301578
301580
301581
301584
301585
301586
301587
301588
301589
301590
301591
301592
301595
301596
301598
301599
301600
301601
301602
301603
301606
301607
301608
301609
301611
301613
301616
301617
301618
301622
301626
301628
301629
301630
301631
301632
301633
301636
301638
301656
301658
301662
301665
301666
301667
301668
301669
301678
301680
301682
301683
301687
301696
600032
600182
600610
600905
600906
600916
600925
600927
600930
600935
600938
600941
600955
601022
601026
601033
601059
601061
601065
601083
601089
601096
601112
601121
601133
601136
601156
601187
601279
601456
601528
601568
601599
601665
601686
601702
601728
601825
601868
601880
601921
601956
601963
601995
603004
603014
603048
603049
603051
603052
603057
603061
603062
603065
603070
603071
603072
603073
603075
603082
603091
603092
603097
603102
603107
603112
603119
603120
603122
603124
603125
603130
603132
603135
603137
603150
603151
603153
603155
603162
603163
603170
603171
603172
603173
603175
603176
603182
603190
603191
603193
603194
603201
603202
603205
603206
603207
603209
603210
603211
603213
603215
603216
603219
603230
603231
603235
603237
603248
603255
603257
603261
603262
603270
603271
603272
603273
603275
603276
603280
603281
603282
603284
603285
603291
603293
603296
603307
603310
603312
603324
603325
603334
603341
603344
603350
603352
603370
603373
603375
603376
603381
603382
603391
603395
603400
603402
603406
603407
603408
603409
603418
603435
603459
603488
603511
603529
603565
603759
603836
603931
605003
605005
605006
605007
605008
605009
605011
605016
605018
605020
605028
605033
605050
605055
605056
605058
605060
605066
605068
605069
605077
605080
605086
605088
605089
605090
605098
605099
605100
605108
605111
605116
605117
605118
605122
605123
605128
605133
605136
605138
605151
605155
605158
605162
605167
605169
605177
605178
605179
605180
605183
605186
605188
605189
605196
605198
605199
605208
605218
605222
605228
605255
605258
605259
605266
605268
605277
605286
605287
605289
605296
605298
605299
605300
605303
605305
605318
605319
605333
605336
605337
605338
605339
605358
605365
605366
605368
605369
605376
605377
605378
605388
605389
605398
605399
605488
605499
605500
605507
605555
605566
605567
605577
605580
605588
605589
605598
605599
688013
688017
688027
688031
688032
688035
688038
688041
688045
688046
688047
688048
688049
688050
688052
688053
688055
688056
688057
688059
688060
688061
688062
688063
688065
688067
688069
688070
688071
688072
688073
688075
688076
688077
688079
688082
688083
688084
688087
688091
688092
688093
688095
688097
688102
688103
688105
688107
688109
688110
688112
688113
688114
688115
688117
688119
688120
688121
688125
688127
688129
688130
688131
688132
688133
688135
688136
688137
688141
688143
688146
688147
688148
688150
688151
688152
688153
688155
688156
688160
688161
688162
688163
688165
688167
688170
688171
688172
688173
688175
688176
688179
688180
688182
688183
688184
688185
688187
688190
688191
688192
688193
688195
688197
688201
688203
688205
688206
688207
688209
688210
688211
688212
688213
688215
688216
688217
688219
688220
688221
688223
688225
688226
688227
688229
688230
688231
688232
688234
688235
688236
688237
688238
688239
688244
688246
688247
688248
688249
688251
688252
688253
688255
688256
688257
688259
688260
688261
688262
688265
688267
688269
688270
688271
688272
688273
688275
688276
688279
688280
688281
688282
688283
688285
688286
688289
688290
688291
688292
688293
688295
688296
688297
688301
688302
688303
688305
688306
688307
688308
688309
688311
688313
688314
688315
688316
688317
688319
688320
688322
688323
688325
688326
688327
688328
688329
688330
688331
688332
688334
688335
688336
688337
688338
688339
688343
688345
688347
688348
688349
688350
688351
688352
688353
688355
688356
688359
688361
688362
688367
688370
688371
688372
688373
688375
688376
688377
688378
688379
688380
688381
688382
688383
688385
688386
688387
688390
688391
688392
688393
688395
688400
688401
688403
688408
688409
688410
688411
688416
688418
688419
688420
688425
688426
688428
688429
688432
688433
688435
688439
688443
688448
688449
688450
688455
688456
688458
688459
688468
688469
688472
688475
688478
688479
688480
688484
688485
688486
688488
688489
688496
688498
688499
688500
688501
688502
688503
688506
688507
688508
688509
688510
688511
688512
688513
688515
688517
688519
688521
688522
688523
688525
688526
688529
688530
688531
688533
688535
688536
688538
688539
688543
688545
688548
688549
688550
688551
688552
688553
688556
688557
688559
688560
688561
688562
688563
688565
688567
688568
688569
688570
688571
688573
688575
688576
688577
688578
688579
688580
688581
688582
688583
688584
688585
688586
688589
688590
688591
688592
688593
688595
688596
688597
688601
688602
688603
688605
688606
688607
688608
688609
688610
688611
688612
688613
688615
688616
688617
688618
688619
688620
688621
688622
688623
688625
688626
688627
688628
688629
688630
688631
688633
688635
688636
688638
688639
688646
688648
688651
688652
688653
688655
688656
688657
688658
688659
688660
688661
688662
688663
688665
688667
688668
688669
688670
688671
688676
688677
688678
688679
688680
688681
688682
688683
688685
688686
688687
688689
688690
688691
688692
688693
688695
688696
688697
688698
688699
688700
688701
688702
688707
688708
688709
688710
688711
688712
688716
688717
688718
688719
688720
688721
688722
688726
688727
688728
688729
688733
688737
688739
688750
688755
688757
688758
688759
688765
688766
688767
688768
688772
688775
688776
688777
688778
688779
688781
688783
688785
688786
688787
688788
688789
688790
688793
688795
688796
688797
688798
688799
688800
688802
688805
688807
688808
688809
688811
688813
688816
688818
688819
688820
688981
689009
920000
920001
920002
920003
920005
920006
920007
920008
920009
920010
920011
920012
920014
920015
920016
920017
920018
920019
920020
920021
920022
920023
920026
920027
920028
920029
920030
920033
920035
920036
920037
920045
920046
920047
920050
920055
920056
920057
920058
920060
920061
920062
920066
920068
920069
920072
920075
920076
920078
920080
920082
920083
920086
920087
920088
920089
920090
920091
920092
920096
920098
920099
920100
920101
920106
920108
920110
920111
920112
920116
920118
920119
920121
920122
920123
920124
920125
920126
920128
920130
920132
920139
920145
920146
920149
920152
920156
920158
920159
920160
920161
920163
920166
920167
920168
920169
920171
920175
920177
920178
920179
920180
920181
920183
920184
920185
920186
920187
920188
920190
920191
920193
920195
920198
920199
920200
920204
920206
920207
920208
920211
920218
920220
920221
920222
920223
920227
920230
920237
920242
920245
920247
920249
920252
920260
920261
920262
920263
920266
920267
920270
920271
920273
920274
920275
920278
920284
920299
920300
920304
920339
920346
920351
920357
920363
920367
920368
920370
920371
920374
920375
920378
920392
920394
920395
920396
920402
920403
920407
920414
920415
920418
920419
920422
920425
920427
920429
920433
920436
920438
920445
920454
920455
920469
920471
920475
920476
920478
920489
920491
920493
920496
920504
920505
920508
920510
920519
920522
920526
920527
920533
920541
920547
920556
920564
920566
920570
920571
920575
920576
920578
920579
920580
920592
920593
920608
920627
920634
920639
920640
920641
920642
920651
920656
920662
920663
920665
920670
920675
920679
920682
920685
920689
920690
920693
920694
920699
920701
920703
920706
920717
920718
920719
920720
920725
920729
920748
920751
920753
920770
920779
920781
920786
920790
920792
920799
920802
920806
920807
920808
920809
920810
920819
920821
920833
920834
920837
920855
920856
920857
920866
920870
920871
920873
920876
920879
920895
920896
920906
920914
920926
920931
920932
920942
920943
920946
920950
920953
920957
920961
920964
920970
920971
920974
920976
920978
920981
920982
920985
920992
